                                 PartyID  Site allRaces pretrial_release                  FTA                  NCA                 NVCA           fta_score
nbr.val               17824.000000000000 17824       NA            17824 17824.00000000000000 17824.00000000000000 17824.00000000000000 17824.0000000000000
nbr.null                  0.000000000000     0       NA                0 15236.00000000000000 13953.00000000000000 16633.00000000000000     0.0000000000000
nbr.na                    0.000000000000     0       NA                0     0.00000000000000     0.00000000000000     0.00000000000000     0.0000000000000
min                   31738.000000000000     2       NA                1     0.00000000000000     0.00000000000000     0.00000000000000     1.0000000000000
max                16564157.000000000000     2       NA                1     1.00000000000000     1.00000000000000     1.00000000000000     6.0000000000000
range              16532419.000000000000     0       NA                0     1.00000000000000     1.00000000000000     1.00000000000000     5.0000000000000
sum            189558109026.000000000000 35648       NA            17824  2588.00000000000000  3871.00000000000000  1191.00000000000000 40520.0000000000000
median             14617782.000000000000     2       NA                1     0.00000000000000     0.00000000000000     0.00000000000000     2.0000000000000
mean               10634992.651817774400     2       NA                1     0.14519748653501     0.21717908438061     0.06682001795332     2.2733393177738
SE.mean               43021.765572468226     0       NA                0     0.00263889457889     0.00308851564584     0.00187044782128     0.0102205267740
CI.mean.0.95          84326.837724888144     0       NA                0     0.00517248959837     0.00605379054559     0.00366625934103     0.0200332248402
var          32989948106420.273437500000     0       NA                0     0.12412214020352     0.17002186861710     0.06235860172909     1.8618802021997
std.dev             5743687.674867103808     0       NA                0     0.35230972198269     0.41233708130255     0.24971704332923     1.3645073111566
coef.var                  0.540074437558     0       NA                0     2.42641749792100     1.89860401372685     3.73715917741407     0.6002215773459
                        nca_score           nvca_score               AGE_CA               C_VIOL       Pending_Charge             Prior_MC             Prior_FC
nbr.val      17824.00000000000000 17824.00000000000000  17824.0000000000000 17824.00000000000000 17824.00000000000000 17824.00000000000000 17824.00000000000000
nbr.null         0.00000000000000     0.00000000000000      0.0000000000000 11861.00000000000000 15683.00000000000000 10114.00000000000000 13281.00000000000000
nbr.na           0.00000000000000     0.00000000000000      0.0000000000000     0.00000000000000     0.00000000000000     0.00000000000000     0.00000000000000
min              1.00000000000000     1.00000000000000     18.0000000000000     0.00000000000000     0.00000000000000     0.00000000000000     0.00000000000000
max              6.00000000000000     6.00000000000000     84.0000000000000     1.00000000000000     1.00000000000000     1.00000000000000     1.00000000000000
range            5.00000000000000     5.00000000000000     66.0000000000000     1.00000000000000     1.00000000000000     1.00000000000000     1.00000000000000
sum          41093.00000000000000 32079.00000000000000 600183.0000000000000  5963.00000000000000  2141.00000000000000  7710.00000000000000  4543.00000000000000
median           2.00000000000000     2.00000000000000     31.0000000000000     0.00000000000000     0.00000000000000     0.00000000000000     0.00000000000000
mean             2.30548698384201     1.79976436265709     33.6727446140036     0.33454892280072     0.12011894075404     0.43256283662478     0.25488105924596
SE.mean          0.00925856704192     0.00738517284567      0.0871981929254     0.00353425174081     0.00243515902669     0.00371101822018     0.00326430837842
CI.mean.0.95     0.01814769036369     0.01447565584164      0.1709169246514     0.00692747657053     0.00477314813434     0.00727395603325     0.00639836137008
var              1.52789223884757     0.97213482636611    135.5252269165395     0.22263843198896     0.10569631082565     0.24546600065213     0.18992736059281
std.dev          1.23607938209792     0.98596897839948     11.6415302652417     0.47184577140096     0.32510969045178     0.49544525494966     0.43580656327413
coef.var         0.53614676238078     0.54783226007645      0.3457256127676     1.41039393416915     2.70656474666629     1.14537175411449     1.70984287558839
                        Prior_VC        Prior_FTA_L2Y       Prior_FTA_MT2             Prior_IN MSCL MSCO SEX             c_checkin               c_edemp
nbr.val      17824.0000000000000 17824.00000000000000 17824.0000000000000 17824.00000000000000   NA   NA  NA 17824.000000000000000 17824.000000000000000
nbr.null     14222.0000000000000 14087.00000000000000 13647.0000000000000 14554.00000000000000   NA   NA  NA 17735.000000000000000 17752.000000000000000
nbr.na           0.0000000000000     0.00000000000000     0.0000000000000     0.00000000000000   NA   NA  NA     0.000000000000000     0.000000000000000
min              0.0000000000000     0.00000000000000     0.0000000000000     0.00000000000000   NA   NA  NA     0.000000000000000     0.000000000000000
max             49.0000000000000    12.00000000000000    19.0000000000000     1.00000000000000   NA   NA  NA     1.000000000000000     1.000000000000000
range           49.0000000000000    12.00000000000000    19.0000000000000     1.00000000000000   NA   NA  NA     1.000000000000000     1.000000000000000
sum          14033.0000000000000  6290.00000000000000 11176.0000000000000  3270.00000000000000   NA   NA  NA    89.000000000000000    72.000000000000000
median           0.0000000000000     0.00000000000000     0.0000000000000     0.00000000000000   NA   NA  NA     0.000000000000000     0.000000000000000
mean             0.7873092459605     0.35289497307002     0.6270197486535     0.18346050269300   NA   NA  NA     0.004993267504488     0.004039497307002
SE.mean          0.0167041188806     0.00581128633369     0.0119050468371     0.00289914197969   NA   NA  NA     0.000527977022726     0.000475110157911
CI.mean.0.95     0.0327416948942     0.01139068546149     0.0233350477224     0.00568259977269   NA   NA  NA     0.001034886228528     0.000931262040377
var              4.9733877210030     0.60193517473992     2.5261980187987     0.14981115166885   NA   NA  NA     0.004968613543853     0.004023405498171
std.dev          2.2301093518039     0.77584481356771     1.5894017801672     0.38705445568918   NA   NA  NA     0.070488392972556     0.063430320022610
coef.var         2.8325710173556     2.19851477854228     2.5348512284986     2.10974269669846   NA   NA  NA    14.116686700481322    15.702528112263805
                              c_em c_skills                c_loc c_money              c_other           c_sobriety                c_sl1                c_sl2
nbr.val      17824.000000000000000    17824 17824.00000000000000   17824 17824.00000000000000 17824.00000000000000 17824.00000000000000 17824.00000000000000
nbr.null     17779.000000000000000    17824 17336.00000000000000   17824 17057.00000000000000 17369.00000000000000 16917.00000000000000 17433.00000000000000
nbr.na           0.000000000000000        0     0.00000000000000       0     0.00000000000000     0.00000000000000     0.00000000000000     0.00000000000000
min              0.000000000000000        0     0.00000000000000       0     0.00000000000000     0.00000000000000     0.00000000000000     0.00000000000000
max              1.000000000000000        0     1.00000000000000       0     1.00000000000000     1.00000000000000     1.00000000000000     1.00000000000000
range            1.000000000000000        0     1.00000000000000       0     1.00000000000000     1.00000000000000     1.00000000000000     1.00000000000000
sum             45.000000000000000        0   488.00000000000000       0   767.00000000000000   455.00000000000000   907.00000000000000   391.00000000000000
median           0.000000000000000        0     0.00000000000000       0     0.00000000000000     0.00000000000000     0.00000000000000     0.00000000000000
mean             0.002524685816876        0     0.02737881508079       0     0.04303186714542     0.02552737881508     0.05088644524237     0.02193671454219
SE.mean          0.000375893092261        0     0.00122233087872       0     0.00152003444570     0.00118140152974     0.00164615126906     0.00109718248666
CI.mean.0.95     0.000736786958212        0     0.00239588720463       0     0.00297941510148     0.00231566170660     0.00322661632058     0.00215058420491
var              0.002518453074019        0     0.02663070965834       0     0.04118243606012     0.02487712745549     0.04829972474697     0.02145669890669
std.dev          0.050184191475195        0     0.16318918364383       0     0.20293456102921     0.15772484729898     0.21977198353513     0.14648105306385
coef.var        19.877400641197088      NaN     5.96041805177784     NaN     4.71591344952357     6.17865423792753     4.31887082087119     6.67743808135556
                             c_sl3               c_stay              c_treat No_Special_Conditions       Not_Supervised
nbr.val      17824.000000000000000 17824.00000000000000 17824.00000000000000  17824.00000000000000 17824.00000000000000
nbr.null     17610.000000000000000 15017.00000000000000 17710.00000000000000  17122.00000000000000  4921.00000000000000
nbr.na           0.000000000000000     0.00000000000000     0.00000000000000      0.00000000000000     0.00000000000000
min              0.000000000000000     0.00000000000000     0.00000000000000      0.00000000000000     0.00000000000000
max              1.000000000000000     1.00000000000000     1.00000000000000      1.00000000000000     1.00000000000000
range            1.000000000000000     1.00000000000000     1.00000000000000      1.00000000000000     1.00000000000000
sum            214.000000000000000  2807.00000000000000   114.00000000000000    702.00000000000000 12903.00000000000000
median           0.000000000000000     0.00000000000000     0.00000000000000      0.00000000000000     1.00000000000000
mean             0.012006283662478     0.15748429084381     0.00639587073609      0.03938509874327     0.72391157989228
SE.mean          0.000815813687687     0.00272845766525     0.00059712620297      0.00145696871154     0.00334870163444
CI.mean.0.95     0.001599074039383     0.00534804194377     0.00117042533585      0.00285580013916     0.00656378034604
var              0.011862798367067     0.13269043346246     0.00635532013332      0.03783603549808     0.19987481819278
std.dev          0.108916474268435     0.36426698102142     0.07972026174892      0.19451487217711     0.44707361607769
coef.var         9.071622604488732     2.31303693257065    12.46433285449723      4.93879356365354     0.61758041796239

Misdemeanor      Felony        <NA> 
       8739        9085           0 

        Drug Offenses        Other Offenses     Property Offenses Public Order Offenses      Violent Offenses                  <NA> 
                 3348                  1819                  4920                  1623                  6114                     0 

American Indian/Native Alaskan         Asian/Pacific Islander                          Black                       Hispanic                 Multiple Races 
                            42                             84                          14618                             55                             23 
                         Other                        Unknown                          White                           <NA> 
                            35                             13                           2954                              0 

  Male Female   <NA> 
 12846   4978      0 
