                                Case_ID  Site    pretrial_release      days_detained Book_Date            factor_1            factor_2            factor_3
nbr.val                8448.00000000000  5851 5851.00000000000000  5850.000000000000        NA 5851.00000000000000 5851.00000000000000 5851.00000000000000
nbr.null                  0.00000000000     0  507.00000000000000     0.000000000000        NA 4560.00000000000000 3749.00000000000000 5230.00000000000000
nbr.na                    0.00000000000  2597 2597.00000000000000  2598.000000000000        NA 2597.00000000000000 2597.00000000000000 2597.00000000000000
min                   31582.00000000000     2    0.00000000000000     1.000000000000        NA    0.00000000000000    0.00000000000000    0.00000000000000
max                17697050.00000000000     2    1.00000000000000   699.000000000000        NA    1.00000000000000    1.00000000000000    1.00000000000000
range              17665468.00000000000     0    1.00000000000000   698.000000000000        NA    1.00000000000000    1.00000000000000    1.00000000000000
sum             97573769250.00000000000 11702 5344.00000000000000 81415.000000000000        NA 1291.00000000000000 2102.00000000000000  621.00000000000000
median             15273953.00000000000     2    1.00000000000000     2.000000000000        NA    0.00000000000000    0.00000000000000    0.00000000000000
mean               11549925.33735795505     2    0.91334814561613    13.917094017094        NA    0.22064604341138    0.35925482823449    0.10613570329858
SE.mean               61465.86498166005     0    0.00367814777141     0.466781658871        NA    0.00542172532129    0.00627286649977    0.00402706475753
CI.mean.0.95         120488.14626248238     0    0.00721052901461     0.915064598552        NA    0.01062858540983    0.01229713668735    0.00789453526136
var          31916988009508.06640625000     0    0.07915683928673  1274.627934791980        NA    0.17199076204374    0.23023014547882    0.09488713303446
std.dev             5649512.19217270706     0    0.28134825268114    35.701931807564        NA    0.41471768957177    0.47982303558585    0.30803755133824
coef.var                  0.48913841667     0    0.30804053638424     2.565329497933        NA    1.87956096180047    1.33560636594330    2.90229905455723
                        factor_4            factor_5            factor_6            factor_7            factor_8            factor_9 MSCL MSCO
nbr.val      5851.00000000000000 5851.00000000000000 5851.00000000000000 5851.00000000000000 5851.00000000000000 5851.00000000000000   NA   NA
nbr.null     3615.00000000000000 4601.00000000000000 4803.00000000000000 5323.00000000000000 4682.00000000000000 4870.00000000000000   NA   NA
nbr.na       2597.00000000000000 2597.00000000000000 2597.00000000000000 2597.00000000000000 2597.00000000000000 2597.00000000000000   NA   NA
min             0.00000000000000    0.00000000000000    0.00000000000000    0.00000000000000    0.00000000000000    0.00000000000000   NA   NA
max             1.00000000000000    1.00000000000000    2.00000000000000    2.00000000000000    1.00000000000000    1.00000000000000   NA   NA
range           1.00000000000000    1.00000000000000    2.00000000000000    2.00000000000000    1.00000000000000    1.00000000000000   NA   NA
sum          2236.00000000000000 1250.00000000000000 1576.00000000000000  758.00000000000000 1169.00000000000000  981.00000000000000   NA   NA
median          0.00000000000000    0.00000000000000    0.00000000000000    0.00000000000000    0.00000000000000    0.00000000000000   NA   NA
mean            0.38215689625705    0.21363869424030    0.26935566569817    0.12955050418732    0.19979490685353    0.16766364723979   NA   NA
SE.mean         0.00635304628324    0.00535886839955    0.00803076520232    0.00571975450033    0.00522775142539    0.00488417204024   NA   NA
CI.mean.0.95    0.01245431869608    0.01050536261234    0.01574326783468    0.01121283274740    0.01024832488431    0.00957478230815   NA   NA
var             0.23615336409731    0.16802592003412    0.37734965313841    0.19141892612410    0.15990423143388    0.13957640377056   NA   NA
std.dev         0.48595613392291    0.40990964862287    0.61428792364689    0.43751448675913    0.39988027137368    0.37359925558084   NA   NA
coef.var        1.27161419480455    1.91870508327392    2.28058289419921    3.37717316890194    2.00145377913377    2.22826630418298   NA   NA
                          Age_AA allRaces                 tar                 fta                 nca         charge_cnt disposed_after_study_close_date
nbr.val        5851.000000000000       NA    5245.00000000000 4955.00000000000000 4955.00000000000000  5851.000000000000             5851.00000000000000
nbr.null          0.000000000000       NA      71.00000000000 4219.00000000000000 3824.00000000000000     0.000000000000             4812.00000000000000
nbr.na         2597.000000000000       NA    3203.00000000000 3493.00000000000000 3493.00000000000000  2597.000000000000             2597.00000000000000
min              18.000000000000       NA    -561.00000000000    0.00000000000000    0.00000000000000     1.000000000000                0.00000000000000
max              79.000000000000       NA    1218.00000000000    1.00000000000000    1.00000000000000    49.000000000000                1.00000000000000
range            61.000000000000       NA    1779.00000000000    1.00000000000000    1.00000000000000    48.000000000000                1.00000000000000
sum          190040.000000000000       NA 1218211.00000000000  736.00000000000000 1131.00000000000000 15126.000000000000             1039.00000000000000
median           29.000000000000       NA     146.00000000000    0.00000000000000    0.00000000000000     2.000000000000                0.00000000000000
mean             32.479917962741       NA     232.26139180172    0.14853683148335    0.22825428859738     2.585199111263                0.17757648265254
SE.mean           0.154201611040       NA       3.35592855621    0.00505268251134    0.00596305183179     0.031993812938                0.00499646157635
CI.mean.0.95      0.302292148006       NA       6.57901759826    0.00990549585505    0.01169022297971     0.062719697743                0.00979491129930
var             139.125878694123       NA   59070.53520820745    0.12649917077680    0.17618982632143     5.989107391972                0.14606804008957
std.dev          11.795163360214       NA     243.04430708866    0.35566721914846    0.41974971866748     2.447265288434                0.38218848764657
coef.var          0.363152498530       NA       1.04642577573    2.39447156369648    1.83895654818512     0.946644797212                2.15224720040433
             psa_outcome_eligible     time_at_risk_fta     time_at_risk_nca time_at_risk_nvca_new                nvca                 CON            DT_FTA
nbr.val                        NA    4443.000000000000    4478.000000000000     4421.000000000000 4955.00000000000000 5851.00000000000000    45.00000000000
nbr.null                       NA       0.000000000000       0.000000000000        0.000000000000 4586.00000000000000 3931.00000000000000     0.00000000000
nbr.na                         NA    4005.000000000000    3970.000000000000     4027.000000000000 3493.00000000000000 2597.00000000000000  8403.00000000000
min                            NA       2.000000000000       2.000000000000        2.000000000000    0.00000000000000    0.00000000000000    43.00000000000
max                            NA    1091.000000000000    1088.000000000000     1091.000000000000    1.00000000000000    1.00000000000000  1083.00000000000
range                          NA    1089.000000000000    1086.000000000000     1089.000000000000    1.00000000000000    1.00000000000000  1040.00000000000
sum                            NA 1294703.000000000000 1142549.000000000000  1355280.000000000000  369.00000000000000 1920.00000000000000 16688.00000000000
median                         NA     220.000000000000     177.000000000000      236.000000000000    0.00000000000000    0.00000000000000   327.00000000000
mean                           NA     291.402880936304     255.147163912461      306.555078036643    0.07447023208880    0.32814903435310   370.84444444444
SE.mean                        NA       3.775759953099       3.583643988739        3.976423494782    0.00372999756531    0.00613895012609    39.40841518546
CI.mean.0.95                   NA       7.402370525126       7.025712556140        7.795781609635    0.00731244746520    0.01203461110167    79.42244212500
var                            NA   63341.021801693838   57508.733977882890    69904.603583370612    0.06893832950328    0.22050493231488 69886.04343434343
std.dev                        NA     251.676422816469     239.809787076931      264.394787360437    0.26256109670566    0.46957952714623   264.35968572069
coef.var                       NA       0.863671704301       0.939888115547        0.862470747683    3.52571879180630    1.43099469444407     0.71285869232
                          DT_NCA            DT_NVCA              Sample    bond_amount_Total    bond_amount_Other bond_notes bond_key              AGE_CA
nbr.val         568.000000000000   240.000000000000 5851.00000000000000      1040.0000000000     1338.00000000000         NA       NA   5851.000000000000
nbr.null          1.000000000000     0.000000000000  507.00000000000000         0.0000000000       40.00000000000         NA       NA      0.000000000000
nbr.na         7880.000000000000  8208.000000000000 2597.00000000000000      7408.0000000000     7110.00000000000         NA       NA   2597.000000000000
min               0.000000000000     1.000000000000    0.00000000000000        20.0000000000        0.00000000000         NA       NA     18.000000000000
max            1083.000000000000  1083.000000000000    1.00000000000000    440000.0000000000   100000.00000000000         NA       NA     79.000000000000
range          1083.000000000000  1082.000000000000    1.00000000000000    439980.0000000000   100000.00000000000         NA       NA     61.000000000000
sum          114282.000000000000 53062.000000000000 5344.00000000000000  10034390.5600000005  4322619.00000000000         NA       NA 190040.000000000000
median          132.000000000000   133.500000000000    1.00000000000000      4350.0000000000     1500.00000000000         NA       NA     29.000000000000
mean            201.200704225352   221.091666666667    0.91334814561613      9648.4524615385     3230.65695067265         NA       NA     32.479917962741
SE.mean           8.191189738837    13.973551665663    0.00367814777141       749.4071688639      182.77932881179         NA       NA      0.154201611040
CI.mean.0.95     16.088780025564    27.527050066806    0.00721052901461      1470.5240873379      358.56550014177         NA       NA      0.302292148006
var           38110.294743771272 46862.435076708505    0.07915683928673 584075548.9344401360 44700282.70870632678         NA       NA    139.125878694123
std.dev         195.218581963325   216.477331553926    0.28134825268114     24167.6550152149     6685.82700260082         NA       NA     11.795163360214
coef.var          0.970267886064     0.979129312369    0.30804053638424         2.5048218988        2.06949456556         NA       NA      0.363152498530
                          C_VIOL      Pending_Charge            Prior_MC            Prior_FC           Prior_VC       Prior_FTA_L2Y      Prior_FTA_MT2
nbr.val      5851.00000000000000 5851.00000000000000 5851.00000000000000 5851.00000000000000 5851.0000000000000 5851.00000000000000 5851.0000000000000
nbr.null     3749.00000000000000 5230.00000000000000 3615.00000000000000 4601.00000000000000 4803.0000000000000 5323.00000000000000 4682.0000000000000
nbr.na       2597.00000000000000 2597.00000000000000 2597.00000000000000 2597.00000000000000 2597.0000000000000 2597.00000000000000 2597.0000000000000
min             0.00000000000000    0.00000000000000    0.00000000000000    0.00000000000000    0.0000000000000    0.00000000000000    0.0000000000000
max             1.00000000000000    1.00000000000000    1.00000000000000    1.00000000000000   42.0000000000000    8.00000000000000   19.0000000000000
range           1.00000000000000    1.00000000000000    1.00000000000000    1.00000000000000   42.0000000000000    8.00000000000000   19.0000000000000
sum          2102.00000000000000  621.00000000000000 2236.00000000000000 1250.00000000000000 4240.0000000000000  824.00000000000000 3171.0000000000000
median          0.00000000000000    0.00000000000000    0.00000000000000    0.00000000000000    0.0000000000000    0.00000000000000    0.0000000000000
mean            0.35925482823449    0.10613570329858    0.38215689625705    0.21363869424030    0.7246624508631    0.14083062724321    0.5419586395488
SE.mean         0.00627286649977    0.00402706475753    0.00635304628324    0.00535886839955    0.0298711340148    0.00663745041654    0.0197376097434
CI.mean.0.95    0.01229713668735    0.00789453526136    0.01245431869608    0.01050536261234    0.0585584625465    0.01301185590842    0.0386930097915
var             0.23023014547882    0.09488713303446    0.23615336409731    0.16802592003412    5.2207574715112    0.25777018173532    2.2793930177762
std.dev         0.47982303558585    0.30803755133824    0.48595613392291    0.40990964862287    2.2848976938829    0.50771072643319    1.5097658817764
coef.var        1.33560636594330    2.90229905455723    1.27161419480455    1.91870508327392    3.1530510393652    3.60511584995217    2.7857584907833
                        Prior_IN psa_court_case_eligible_booking       factor_1_cont           factor_2a          factor_5a     factor_6_count
nbr.val      5851.00000000000000                            5851   5851.000000000000 5851.00000000000000 5851.0000000000000 5851.0000000000000
nbr.null     4870.00000000000000                               0      0.000000000000 5587.00000000000000 3457.0000000000000 4803.0000000000000
nbr.na       2597.00000000000000                            2597   2597.000000000000 2597.00000000000000 2597.0000000000000 2597.0000000000000
min             0.00000000000000                               1     18.000000000000    0.00000000000000    0.0000000000000    0.0000000000000
max             1.00000000000000                               1     79.000000000000    1.00000000000000    1.0000000000000   42.0000000000000
range           1.00000000000000                               0     61.000000000000    1.00000000000000    1.0000000000000   42.0000000000000
sum           981.00000000000000                            5851 190040.000000000000  264.00000000000000 2394.0000000000000 4240.0000000000000
median          0.00000000000000                               1     29.000000000000    0.00000000000000    0.0000000000000    0.0000000000000
mean            0.16766364723979                               1     32.479917962741    0.04512049222355    0.4091608272090    0.7246624508631
SE.mean         0.00488417204024                               0      0.154201611040    0.00271383392991    0.0064284124223    0.0298711340148
CI.mean.0.95    0.00957478230815                               0      0.302292148006    0.00532011749081    0.0126020641827    0.0585584625465
var             0.13957640377056                               0    139.125878694123    0.04309199829966    0.2417895691729    5.2207574715112
std.dev         0.37359925558084                               0     11.795163360214    0.20758612260856    0.4917210277921    2.2848976938829
coef.var        2.22826630418298                               0      0.363152498530    4.60070607341921    1.2017793373482    3.1530510393652
                  factor_7_count     factor_8_count         fta_points           fta_score          nca_points           nca_score        nvca_points
nbr.val      5851.00000000000000 5851.0000000000000 5851.0000000000000  5851.0000000000000  5851.0000000000000  5851.0000000000000 5851.0000000000000
nbr.null     5323.00000000000000 4682.0000000000000 3007.0000000000000     0.0000000000000  2112.0000000000000     0.0000000000000 1981.0000000000000
nbr.na       2597.00000000000000 2597.0000000000000 2597.0000000000000  2597.0000000000000  2597.0000000000000  2597.0000000000000 2597.0000000000000
min             0.00000000000000    0.0000000000000    0.0000000000000     1.0000000000000     0.0000000000000     1.0000000000000    0.0000000000000
max             8.00000000000000   19.0000000000000    7.0000000000000     6.0000000000000    11.0000000000000     6.0000000000000    6.0000000000000
range           8.00000000000000   19.0000000000000    7.0000000000000     5.0000000000000    11.0000000000000     5.0000000000000    6.0000000000000
sum           824.00000000000000 3171.0000000000000 5700.0000000000000 11062.0000000000000 11699.0000000000000 12598.0000000000000 8531.0000000000000
median          0.00000000000000    0.0000000000000    0.0000000000000     1.0000000000000     2.0000000000000     2.0000000000000    2.0000000000000
mean            0.14083062724321    0.5419586395488    0.9741924457358     1.8906169885490     1.9994872671338     2.1531362160314    1.4580413604512
SE.mean         0.00663745041654    0.0197376097434    0.0181930193601     0.0149694055603     0.0282792706511     0.0155521504816    0.0171934881929
CI.mean.0.95    0.01301185590842    0.0386930097915    0.0356650417851     0.0293455673431     0.0554378220273     0.0304879627618    0.0337055912872
var             0.25777018173532    2.2793930177762    1.9365988135566     1.3111102346447     4.6791450362054     1.4151777693053    1.7296494280326
std.dev         0.50771072643319    1.5097658817764    1.3916173373297     1.1450372197639     2.1631331526759     1.1896124450027    1.3151613695789
coef.var        3.60511584995217    2.7857584907833    1.4284829895993     0.6056420875826     1.0818439248061     0.5525021761955    0.9020055296455
                      nvca_score           nvca_flag                 FTA                 NCA                NVCA RACE SEX      ConditionNumber
nbr.val       5851.0000000000000 5851.00000000000000 4955.00000000000000 4955.00000000000000 4955.00000000000000   NA  NA 8448.000000000000000
nbr.null         0.0000000000000 5389.00000000000000 4219.00000000000000 3824.00000000000000 4586.00000000000000   NA  NA    0.000000000000000
nbr.na        2597.0000000000000 2597.00000000000000 3493.00000000000000 3493.00000000000000 3493.00000000000000   NA  NA    0.000000000000000
min              1.0000000000000    0.00000000000000    0.00000000000000    0.00000000000000    0.00000000000000   NA  NA    1.000000000000000
max              6.0000000000000    1.00000000000000    1.00000000000000    1.00000000000000    1.00000000000000   NA  NA    2.000000000000000
range            5.0000000000000    1.00000000000000    1.00000000000000    1.00000000000000    1.00000000000000   NA  NA    1.000000000000000
sum          10512.0000000000000  462.00000000000000  736.00000000000000 1131.00000000000000  369.00000000000000   NA  NA 8453.000000000000000
median           2.0000000000000    0.00000000000000    0.00000000000000    0.00000000000000    0.00000000000000   NA  NA    1.000000000000000
mean             1.7966159630832    0.07896086139122    0.14853683148335    0.22825428859738    0.07447023208880   NA  NA    1.000591856060606
SE.mean          0.0128501162628    0.00352587611128    0.00505268251134    0.00596305183179    0.00372999756531   NA  NA    0.000264623399619
CI.mean.0.95     0.0251909770657    0.00691202028365    0.00990549585505    0.01169022297971    0.00731244746520   NA  NA    0.000518726660518
var              0.9661492300973    0.07273847556192    0.12649917077680    0.17618982632143    0.06893832950328   NA  NA    0.000591575792553
std.dev          0.9829289038874    0.26970071479684    0.35566721914846    0.41974971866748    0.26256109670566   NA  NA    0.024322331149650
coef.var         0.5471001728163    3.41562528631232    2.39447156369648    1.83895654818512    3.52571879180630   NA  NA    0.024307944345468
                       c_checkin             c_edemp                c_em             c_skills               c_loc              c_money             c_other
nbr.val      8448.00000000000000 8448.00000000000000 8448.00000000000000 8448.000000000000000 8448.00000000000000 8448.000000000000000 8448.00000000000000
nbr.null     8295.00000000000000 8275.00000000000000 8336.00000000000000 8443.000000000000000 7469.00000000000000 8380.000000000000000 6919.00000000000000
nbr.na          0.00000000000000    0.00000000000000    0.00000000000000    0.000000000000000    0.00000000000000    0.000000000000000    0.00000000000000
min             0.00000000000000    0.00000000000000    0.00000000000000    0.000000000000000    0.00000000000000    0.000000000000000    0.00000000000000
max             1.00000000000000    1.00000000000000    1.00000000000000    1.000000000000000    1.00000000000000    1.000000000000000    1.00000000000000
range           1.00000000000000    1.00000000000000    1.00000000000000    1.000000000000000    1.00000000000000    1.000000000000000    1.00000000000000
sum           153.00000000000000  173.00000000000000  112.00000000000000    5.000000000000000  979.00000000000000   68.000000000000000 1529.00000000000000
median          0.00000000000000    0.00000000000000    0.00000000000000    0.000000000000000    0.00000000000000    0.000000000000000    0.00000000000000
mean            0.01811079545455    0.02047821969697    0.01325757575758    0.000591856060606    0.11588541666667    0.008049242424242    0.18098958333333
SE.mean         0.00145093767694    0.00154099738062    0.00124446507234    0.000264623399619    0.00348271088550    0.000972235138732    0.00418909544712
CI.mean.0.95    0.00284419313206    0.00302073220383    0.00243945626893    0.000518726660518    0.00682696613294    0.001905818939212    0.00821165284327
var             0.01778489976269    0.02006123688794    0.01308336113592    0.000591575792553    0.10246811614577    0.007985397361803    0.14824990257882
std.dev         0.13336003810247    0.14163769585792    0.11438252111194    0.024322331149650    0.32010641378418    0.089361050585830    0.38503233965321
coef.var        7.36356602542249    6.91650436189405    8.62771016387230   41.095010710447802    2.76226658186802   11.101796402192472    2.12737292700479
                      c_sobriety               c_sl1               c_sl2               c_sl3              c_stay             c_treat            c_weapon
nbr.val      8448.00000000000000 8448.00000000000000 8448.00000000000000 8448.00000000000000 8448.00000000000000 8448.00000000000000 8448.00000000000000
nbr.null     7639.00000000000000 6818.00000000000000 7752.00000000000000 8080.00000000000000 3531.00000000000000 8284.00000000000000 5471.00000000000000
nbr.na          0.00000000000000    0.00000000000000    0.00000000000000    0.00000000000000    0.00000000000000    0.00000000000000    0.00000000000000
min             0.00000000000000    0.00000000000000    0.00000000000000    0.00000000000000    0.00000000000000    0.00000000000000    0.00000000000000
max             1.00000000000000    1.00000000000000    1.00000000000000    1.00000000000000    1.00000000000000    1.00000000000000    1.00000000000000
range           1.00000000000000    1.00000000000000    1.00000000000000    1.00000000000000    1.00000000000000    1.00000000000000    1.00000000000000
sum           809.00000000000000 1630.00000000000000  696.00000000000000  368.00000000000000 4917.00000000000000  164.00000000000000 2977.00000000000000
median          0.00000000000000    0.00000000000000    0.00000000000000    0.00000000000000    1.00000000000000    0.00000000000000    0.00000000000000
mean            0.09576231060606    0.19294507575758    0.08238636363636    0.04356060606061    0.58203125000000    0.01941287878788    0.35239109848485
SE.mean         0.00320174959705    0.00429355616489    0.00299161945979    0.00222087664709    0.00536653307869    0.00150119398930    0.00519777675326
CI.mean.0.95    0.00627621320974    0.00841642142897    0.00586430668698    0.00435346204541    0.01051971891554    0.00294270781035    0.01018891519501
var             0.08660214167393    0.15573570812302    0.07560780051013    0.04166801195332    0.24329967370072    0.01903827250844    0.22823862907667
std.dev         0.29428241822088    0.39463363785037    0.27496872642199    0.20412744047119    0.49325416744385    0.13797924665847    0.47774326690877
coef.var        3.07305051808409    2.04531593408587    3.33755143794971    4.68605602472999    0.84747024742030    7.10761387665104    1.35571888439547
              Variety_Conditions       No_Conditions
nbr.val       8448.0000000000000 8448.00000000000000
nbr.null      1050.0000000000000 7398.00000000000000
nbr.na           0.0000000000000    0.00000000000000
min              0.0000000000000    0.00000000000000
max              7.0000000000000    1.00000000000000
range            7.0000000000000    1.00000000000000
sum          14580.0000000000000 1050.00000000000000
median           2.0000000000000    0.00000000000000
mean             1.7258522727273    0.12428977272727
SE.mean          0.0125117846849    0.00358960499409
CI.mean.0.95     0.0245261616926    0.00703650476051
var              1.3224900986902    0.10885471038669
std.dev          1.1499956950747    0.32993137223776
coef.var         0.6663349541832    2.65453355491864
